00000000000000000000000000000000000000000000000000000000000000000000000000000000
00000000000000000000000000000000000000000000000000000000000000000000000000000000
00000000000000000000000000000000000000000000000000000000000000000000000000000000
00000000000000000000000000000000000000000000000000000000000000000000000000000000
00000000000000000000000000000000000000000000000000000000000000000000000000000000
00000000000000000000000000000000000000000000000000000000000000000000000000000000
00000000000000000000000000000000000000000000000000000000000000000000000000000000
00000000000000000000000000000000000000000000000000000000000000000000000000000000
00000000000000000000000000000000000000000000000000000000000000000000000000000000
00000000000000000000000000000000000000000000000000000000000000000000011100000001
00000000000000000000000000000000000000000000000000000000000000000000011001011011
00000000000000000000000000000000000000000000000000000000000000000000000111000010
00000000000000000000000000000000000000000000000000000000000000000000010010100010
00000000000000000000000000000000000000000000000000000000000000000000100001000010
00000000000000000000000000000000000000000000000000000000000000000000100001000010
00000000000000000000000000000000000000000000000000000000000000000000010010100010
00000000000000000000000000000000000000000000000000000000000000000000000111000010
00000000000000000000000000000000000000000000000000000000000000000000011001011011
00000000000000000000000000000000000000000000000000000000000000000000011100000001
00000000000000000000000000000000000000000000000000000000000000000000000000000000
00000000000000000000000000000000000000000000000000000000000000000000000000000000
00000000000000000000000000000000000000000000000000000000000000000000000000000000
00000000000000000000000000000000000000000000000000000000000000000000000000000000
00000000000000000000000000000000000000000000000000000000000000000000000000000000
00000000000000000000000000000000000000000000000000000000000000000000000000000000